Testset evaluations
 
Task 2 before dropout rate: loss = '0.6168550401467543', acc = '0.8523076860721295'
confusion matrix: 
 [119   0   2   1   0   8   3   1   1   3]
 [  0 166   2   1   0   0   0   0   2   1]
 [  0   3 104   6   3   0   1   2   1   1]
 [  1   3   5  91   0   6   1   6   6   0]
 [  1   0   3   0 111   2   3   1   1   7]
 [  6   0   1   6   5  94   3   1   8   2]
 [  0   0   3   1   3   2  96   0   1   0]
 [  0   3   3   0   2   2   0 110   3   3]
 [  1   1   4   4   3   9   2   1 112   1]
 [  1   0   1   0   9   1   0   6   2 105]

Task 2 after dropout rate: loss = '0.28233517000308406', acc = '0.9238461571473342'
confusion matrix:
[[132   0   1   0   0   3   1   0   1   0]
 [  0 168   0   0   0   0   0   0   3   1]
 [  0   2 111   2   5   0   1   0   0   0]
 [  0   1   2 104   0   4   1   2   4   1]
 [  0   1   0   0 119   1   1   0   0   7]
 [  1   0   0   2   0 116   3   0   2   2]
 [  0   0   0   0   1   1 103   0   1   0]
 [  1   3   2   0   2   0   0 113   1   4]
 [  1   1   2   7   0   6   1   0 120   0]
 [  1   0   0   1   2   0   0   5   1 115]]


Task 3 Kfold blocks Cross 0 ([train] | [train] | [validation]): 
loss = '0.23014887667619266', acc = '0.950000001833989'
Confusion:
[[137   0   0   0   0   0   0   1   0   0]
 [  0 166   1   0   0   1   0   0   3   1]
 [  0   0 116   0   2   2   0   0   1   0]
 [  0   0   6  90   0  10   0   2  11   0]
 [  0   0   1   0 115   1   1   0   1  10]
 [  0   0   1   0   1 116   3   0   5   0]
 [  1   0   1   0   2   0 102   0   0   0]
 [  0   0   2   0   1   0   0 111   1  11]
 [  0   0   0   0   0   2   0   0 136   0]
 [  1   0   0   0   0   1   0   1   0 122]]



Task 3 Kfold blocks Cross 1 ([train] | [validation] | [train]): 
loss = '1.1239180751947255', acc = '0.7861538432194637'
Confusion:
[[133   1   0   1   0   0   2   1   0   0]
 [  0 170   0   0   0   0   0   1   0   1]
 [  3   4  93   6   5   0   4   0   4   2]
 [  3   2   3  99   1   1   2   5   1   2]
 [  0   2   1   0 101   0   3   0   0  22]
 [  7   4   1  23  11  59  13   0   5   3]
 [  3   5   1   0   2   1  94   0   0   0]
 [  3  10   2   0   1   0   1  89   0  20]
 [  3   9   2  12   8  10   2   1  84   7]
 [  1   0   1   1  18   0   0   4   0 100]]


Task 3 Kfold blocks Cross 2 ([validation] | [train] | [train]):
loss = '0.1767846933236489', acc = '0.9430769260113055'
Confusion:
[[135   0   1   0   0   0   0   1   1   0]
 [  0 167   1   1   0   0   0   0   2   1]
 [  0   0 113   3   3   1   0   1   0   0]
 [  0   0   3 109   0   2   0   2   3   0]
 [  0   1   0   0 121   0   0   1   0   6]
 [  0   0   3   5   0 115   1   0   1   1]
 [  0   0   3   0   2   1 100   0   0   0]
 [  0   1   0   1   1   0   0 118   1   4]
 [  0   0   2   3   0   4   0   0 129   0]
 [  1   0   0   3   0   0   0   2   0 119]]

Task 4: 10 layers, 500 epochs, 512 batch size, 20 % dropout to input:
[[0.15718019370849315, 0.9530769247275133], [14.554476465078501, 0.09692307660212883], [0.21059329184202047, 0.9307692335202143]]

Task 4: 10 layers, 100 epochs, 512 batch size, 20 % dropout to input:
[[0.58261835199136, 0.8169230716045086], [1.230884033349844, 0.7523076912072989], [0.3936654557631566, 0.8730769278452947]]

Task 4: 1 layers, 500 epochs, 512 batch size, 20 % dropout to input:
[[2.0449724630209114, 0.8723076862555283], [1.5824031796822182, 0.47846154121252205], 
[0.294025452870589, 0.9307692344372089]]

Task 4: 10 layers, 500 epochs, 512 batch size, 20 % dropout to input and 20% to every other layer:
[[2.2990351640261135, 0.1399999984411093], [2.2804161805372973, 0.20076923017318432], [2.057025896219107, 0.2930769206927373]]

Task 4: 10 layers, 100 epochs, 32 batch size, 20 % dropout to input:
[[0.08649044980796484, 0.9738461538461538], [0.8279182833891648, 0.8615384619052594], [0.1434942766278982, 0.9607692307692308]]
small batch size takes significantly longerso decreased epochs


